<?xml version="1.0" encoding="utf-8"?>
<opencv_storage>
   <proj0_param type_id="opencv-matrix">
      <rows>10</rows>
      <cols>1</cols>
      <dt>f</dt>
      <data>1.41794424e+03  1.42054085e+03  5.78936816e+02  8.35973672e+02  4.51635133e-01 -5.84889961e-01  1.28053966e+00  5.07957241e-01  4.68266348e-01  1.59000496e+00</data>
   </proj0_param>
   <proj1_param type_id="opencv-matrix">
      <rows>10</rows>
      <cols>1</cols>
      <dt>f</dt>
      <data>1.43262952e+03  1.43169134e+03  6.09986416e+02  8.43411476e+02  7.66482147e-01  1.45279093e-01 -5.61881906e-03 -1.30143116e-01  6.91153129e-01  1.93100731e+00</data>
   </proj1_param>
   <proj2_param type_id="opencv-matrix">
      <rows>10</rows>
      <cols>1</cols>
      <dt>f</dt>
      <data>1.45069502e+03  1.43311119e+03  5.73152000e+02  8.19565219e+02  3.32282826e-01  7.94755750e-01 -1.72083173e+00 -2.64126607e-01  8.58763394e-01  1.87023132e+00</data>
   </proj2_param>
   <sphere_pose type_id="opencv-matrix">
      <rows>4</rows>
      <cols>1</cols>
      <dt>f</dt>
      <data>1.63107442e-04 8.11483423e-02 5.23391666e+00 2.53646647e+00</data>
   </sphere_pose>
   <cam_param type_id="opencv-matrix">
      <rows>9</rows>
      <cols>1</cols>
      <dt>f</dt>
      <data>1.00742406e+03  1.00881503e+03  6.81320372e+02  5.18863630e+02 -3.57152477e-01  6.85956854e-02 -1.02416984e-01  3.46150831e-05  1.00100693e-09</data>
   </cam_param>
</opencv_storage>